1.472964393
1.146400097
1.380234169
1.372878349
1.52654311
1.016280035
1.496650323
1.704780559
1.115444006
1.07085581
0.84363722
0.431228114
1.521273158
0.967253851
1.23651162
1.546602211
1.740160738
-0.390892149
1.57745905
1.819948906
0.025397221
1.263935051
1.516737671
0.602153902
0.563145843
1.067123491
1.443507442
2.122846246
0.844228107
1.307623532
0.707102886
0.888493802
1.899912326
1.304140024
1.695259533
0.406506724
0.013050111
1.176290643
1.765400518
0.865291865
0.814416241
1.41170248
1.440500609
0.71641322
1.758193545
1.876015178
1.819689945
0.811298442
2.191191675
1.808697188
